Balls:

  outer:
 1.	64	120
 2.	64	96
 3.	71	70
 4.	84	48
 5.	105	31
 6.	131	24
 7.	161	24
 8.	187	31
 9.	208	48
10.	221	70
11.	228	96
12.	228	120

	middle:
	
 1.	88	120
 2.	90	100
 3.	95	77
 4.	110	58
 5.	133.48
 6.	159	48
 7.	182	58
 8.	197	77
 9.	202	100
10.	204	120

	inner:
	
 1.	112	120
 2.	113	102
 3.	121	84
 4.	136	72
 5.	156	72
 6.	171	84
 7.	179	102
 8.	180	120
 

left hand:				right hand:

left:	61	128			177	128
mid:	85	128			201	128
rt:		90	128			206	128


left eye:					right eye:

137	121						150	121


legs:

high left		126	181
low left		136	184
low rt			151	184
high rt			159	181